EPSG:0,0,20,0,13.jpeg,889,1035
EPSG:0,0,0,0,13.jpeg,85,989
EPSG:0,20,0,0,13.jpeg,85,239
EPSG:0,20,20,0,13.jpeg,886,197
EPSG:0,20,20,0,19.jpeg,462,918
EPSG:0,20,0,0,19.jpeg,550,31
EPSG:0,0,0,0,22.jpeg,92,1017
EPSG:0,20,0,0,22.jpeg,113,75
EPSG:0,0,20,0,18.jpeg,85,823
EPSG:0,20,20,0,3.jpeg,38,1122
EPSG:0,0,20,0,3.jpeg,95,275
EPSG:0,0,20,0,20.jpeg,66,740
EPSG:0,20,20,0,20.jpeg,1103,729
EPSG:0,20,20,0,26.jpeg,106,897
EPSG:0,20,20,0,26.jpeg,776,811
EPSG:0,20,0,0,26.jpeg,772,185
EPSG:0,0,20,0,26.jpeg,100,110
EPSG:0,0,0,0,21.jpeg,74,906
EPSG:0,20,0,0,21.jpeg,78,169
EPSG:0,20,20,0,21.jpeg,770,68
EPSG:0,20,20,0,2.jpeg,1309,772
EPSG:0,0,20,0,2.jpeg,197,754
EPSG:0,20,20,0,10.jpeg,1268,153
EPSG:0,0,0,0,10.jpeg,259,144
EPSG:0,20,20,0,24.jpeg,51,952
EPSG:0,20,20,0,6.jpeg,1357,1112
EPSG:0,20,20,0,7.jpeg,1177,927
EPSG:0,0,0,0,7.jpeg,275,119
EPSG:0,20,0,0,7.jpeg,1259,95
EPSG:0,20,20,0,16.jpeg,45,443
EPSG:0,0,0,0,12.jpeg,116,108
EPSG:0,20,20,0,15.jpeg,1268,692
EPSG:0,0,20,0,15.jpeg,85,683
EPSG:0,20,20,0,28.jpeg,64,939
EPSG:0,20,0,0,28.jpeg,816,906
EPSG:0,0,0,0,28.jpeg,822,196
EPSG:0,0,20,0,28.jpeg,71,152
EPSG:0,0,20,0,11.jpeg,716,738
EPSG:0,20,20,0,11.jpeg,656,39
EPSG:0,20,20,0,27.jpeg,122,1028
EPSG:0,20,20,0,27.jpeg,841,864
EPSG:0,20,0,0,27.jpeg,826,182
EPSG:0,0,20,0,27.jpeg,57,95
EPSG:0,20,20,0,25.jpeg,66,616
EPSG:0,20,0,0,23.jpeg,625,582
EPSG:0,0,20,0,4.jpeg,1327,1371
EPSG:0,20,0,0,4.jpeg,55,161
EPSG:0,20,20,0,4.jpeg,1216,106
EPSG:0,0,0,0,17.jpeg,191,1124
EPSG:0,20,20,0,17.jpeg,80,292
EPSG:0,20,20,0,5.jpeg,137,1458
EPSG:0,20,0,0,5.jpeg,1420,1409
EPSG:0,0,0,0,5.jpeg,1423,173
EPSG:0,0,20,0,5.jpeg,123,132
