WGS84 UTM 16N
668184.6023411305 0.0 0.0 169.0 948.0 imagen_8.jpeg
668204.5475660642 19.94523151943632 0.0 1450.0 185.0 imagen_8.jpeg
668184.602337838 19.94522493290513 0.0 200.0 166.0 imagen_8.jpeg
668204.5475693569 0.0 0.0 1465.0 938.0 imagen_8.jpeg
668184.6023411305 0.0 0.0 1109.0 1411.0 imagen_6.jpeg
668204.5475660642 19.94523151943632 0.0 383.0 213.0 imagen_6.jpeg
668184.602337838 19.94522493290513 0.0 375.0 1474.0 imagen_6.jpeg
668184.602337838 19.94522493290513 0.0 1091.0 1378.0 imagen_6.jpeg
668204.5475693569 0.0 0.0 1066.0 281.0 imagen_6.jpeg
668184.6023411305 0.0 0.0 11.0 897.0 imagen_10.jpeg
668204.5475660642 19.94523151943632 0.0 1034.0 100.0 imagen_10.jpeg
668184.602337838 19.94522493290513 0.0 32.0 260.0 imagen_10.jpeg
668204.5475693569 0.0 0.0 1002.0 1009.0 imagen_10.jpeg
668184.6023411305 0.0 0.0 262.0 1042.0 imagen_11.jpeg
668204.5475660642 19.94523151943632 0.0 1537.0 372.0 imagen_11.jpeg
668184.602337838 19.94522493290513 0.0 89.0 366.0 imagen_11.jpeg
668204.5475693569 0.0 0.0 1366.0 1055.0 imagen_11.jpeg
668184.6023411305 0.0 0.0 178.0 224.0 imagen_4.jpeg
668204.5475660642 19.94523151943632 0.0 941.0 1440.0 imagen_4.jpeg
668184.602337838 19.94522493290513 0.0 896.0 250.0 imagen_4.jpeg
668184.602337838 19.94522493290513 0.0 193.0 263.0 imagen_4.jpeg
668204.5475693569 0.0 0.0 180.0 1471.0 imagen_4.jpeg
668204.5475660642 19.94523151943632 0.0 1404.0 587.0 imagen_7.jpeg
668184.602337838 19.94522493290513 0.0 141.0 565.0 imagen_7.jpeg
668184.6023411305 0.0 0.0 1095.0 1322.0 imagen_3.jpeg
668204.5475660642 19.94523151943632 0.0 303.0 189.0 imagen_3.jpeg
668184.602337838 19.94522493290513 0.0 97.0 1292.0 imagen_3.jpeg
668204.5475693569 0.0 0.0 934.0 122.0 imagen_3.jpeg
668184.6023411305 0.0 0.0 58.0 891.0 imagen_9.jpeg
668204.5475660642 19.94523151943632 0.0 1266.0 206.0 imagen_9.jpeg
668184.602337838 19.94522493290513 0.0 184.0 236.0 imagen_9.jpeg
668204.5475693569 0.0 0.0 1444.0 837.0 imagen_9.jpeg
668184.6023411305 0.0 0.0 908.0 1489.0 imagen_1.jpeg
668204.5475660642 19.94523151943632 0.0 270.0 249.0 imagen_1.jpeg
668184.602337838 19.94522493290513 0.0 896.0 1449.0 imagen_1.jpeg
668184.602337838 19.94522493290513 0.0 256.0 1321.0 imagen_1.jpeg
668204.5475693569 0.0 0.0 949.0 135.0 imagen_1.jpeg
668184.6023411305 0.0 0.0 455.0 1104.0 imagen_2.jpeg
668204.5475660642 19.94523151943632 0.0 1429.0 420.0 imagen_2.jpeg
668184.602337838 19.94522493290513 0.0 507.0 223.0 imagen_2.jpeg
668204.5475693569 0.0 0.0 1400.0 976.0 imagen_2.jpeg
668184.6023411305 0.0 0.0 196.0 202.0 imagen_5.jpeg
668204.5475660642 19.94523151943632 0.0 1039.0 1385.0 imagen_5.jpeg
668184.602337838 19.94522493290513 0.0 403.0 818.0 imagen_5.jpeg
668184.602337838 19.94522493290513 0.0 863.0 206.0 imagen_5.jpeg
668184.602337838 19.94522493290513 0.0 207.0 238.0 imagen_5.jpeg
668204.5475693569 0.0 0.0 156.0 1441.0 imagen_5.jpeg
